-0.62792
1.3872
2.2011
-1.1932
-0.74989
0.9935
2.3192
-2.3872
0.084554
0.21064
1.4444
1.0874
-0.01025
-0.068365
0.23259
0.098072
-1.2238
-1.3218
1.6499
0.86738
-2.4764
-0.080055
-2.2109
2.0438
-0.23318
0.14342
-0.67134
-0.55841
0.090685
-0.46386
0.11057
-0.30211
0.37394
-2.8624
-0.027149
-1.6137
-1.2365
0.26389
-1.6965
-0.54867
1.2354
0.57168
-0.85729
1.2272
0.051787
-1.827
-0.47726
-1.5097
-1.6314
-0.90183
-0.52683
0.17122
-1.0039
-0.75408
-0.59762
-2.8335
-0.91525
-2.1927
-0.46247
0.76025
0.99658
-1.108
-0.83073
-1.4523
-1.0634
-2.2315
-1.9052
0.20885
1.4641
-1.3802
-0.17111
-0.61825
-1.8474
-0.85451
-1.1844
-0.45656
-0.54133
-1.3412
-0.030215
2.3105
-0.17188
-0.55864
0.49262
-0.68615
-1.9585
1.6665
-0.49684
1.2793
0.70067
0.96128
1.7604
-0.72382
-1.0456
-0.26907
-1.7931
0.31554
-0.99597
-1.4781
0.54158
0.060733
